[LIGHTS]
name=SceneLight1
position=-1054.34f 5885.93f 754.366f 1.0f
diffuse=1.0f 1.0f 1.0f 1.0f
specular=1.0f 1.0f 1.0f 1.0f
atten=0.0f 7.38797e-05f 8.60848e-09f 1e+06.0f
direction=0.61194f -0.790815f -0.0118762f 1.0f
param1=0.0f 0.0f 0.0f 1.0f
param2=1.0f 0.0f 0.0f 1.0f